This file maps our garden (2 x 4 matrix) to poses of the Sawyer arm. We are assuming that the positions remain the same. Next time we need to get a ruler.


[farm]	[head_pan, right_j0, right_j1, right_j2, right_j3, right_j4, right_j5, right_j6, torso_t0]

[Home]: [0.526962890625, -0.4500732421875, -1.3575419921875, 0.298607421875, 2.448572265625, -0.066544921875, 0.5279326171875, 3.0836171875, 0.0]
[Seed]:	[0.5280380859375, 0.6252626953125, -0.503607421875, 0.148115234375, 1.6371318359375, -0.344052734375, 0.4533330078125, 2.8494384765625, 0.0]
[Dump]: [0.528498046875, -1.7319931640625, -0.4028916015625, 0.7388515625, 1.524953125, -0.9330498046875, 0.8798076171875, 1.1140146484375, 0.0]

[0,0]:	[0.526962890625, 0.0953603515625, -0.5026806640625, -0.063302734375, 1.9658466796875, 0.1459169921875, 0.11358203125, 3.1744716796875, 0.0]
[1,0]:	[0.525427734375, -0.1411416015625, -0.5091767578125, -0.033091796875, 1.975447265625, -0.0521494140625, 0.0998056640625, 3.174265625, 0.0]
[2,0]:	[0.525427734375, -0.2015361328125, -0.48059375, -0.146859375, 2.0100068359375, 0.3509169921875, 0.1587958984375, 3.174884765625, 0.0]
[3,0]:	[0.525427734375, -0.3643896484375, -0.4798740234375, -0.12546484375, 2.0673505859375, 0.6322587890625, 0.0751328125, 3.1951162109375, 0.0]
[4,0]:	[0.525427734375, -0.8106845703125, -0.4992724609375, 0.0485595703125, 2.0154482421875, 0.2474091796875, 0.0815107421875, 2.9870439453125, 0.0]
[5,0]:	[0.525427734375, -0.799783203125, -0.454076171875, -0.0852744140625, 1.859712890625, 0.296083984375, 0.219619140625, 2.9870439453125, 0.0]

[0,1]:	[0.52558203125, 0.103490234375, -0.395462890625, -0.1004521484375, 1.55612890625, 0.1181455078125, 0.4621513671875, 2.9868369140625, 0.0]
[1,1]:  [0.52558203125, -0.05696875, -0.388240234375, -0.1230107421875, 1.64776171875, 0.396091796875, 0.431603515625, 2.44280859375, 0.0]
[1,2]:	[0.525888671875, -0.2290068359375, -0.4487119140625, -0.0578076171875, 1.70201953125, -0.0432919921875, 0.2758720703125, 2.481322265625, 0.0]
[1,3]:	[0.525888671875, -0.513529296875, -0.4641865234375, 0.0750078125, 1.6723056640625, -0.2030654296875, 0.3698642578125, 2.3033701171875, 0.0]
[1,4]:	[0.5261953125, -0.721751953125, -0.4528408203125, 0.2401181640625, 1.52509765625, -0.5043681640625, 0.5885751953125, 2.3031640625, 0.0]
[1,5]:	[0.5260419921875, -0.8655732421875, -0.418373046875, 0.2383857421875, 1.4669052734375, -0.4114990234375, 0.551908203125, 2.3031640625, 0.0]



